861256.0, 861256.0, 1.0;
861256.0, 861256.0, 1.0;
463432.0, 463432.0, 1.0;
860232.0, 860232.0, 1.0;
39669.8, 39669.8, 1.0;
861256.0, 861256.0, 1.0;
861256.0, 861256.0, 1.0;
861256.0, 861256.0, 1.0;
53409.6, 53409.6, 1.0;
861256.0, 861256.0, 1.0;
860232.0, 860232.0, 1.0;
5.81504e+08, 5.81504e+08, 0.0;
861256.0, 861256.0, 1.0;
861256.0, 861256.0, 1.0;
861256.0, 861256.0, 1.0;
861256.0, 861256.0, 1.0;
861256.0, 861256.0, 1.0;
861256.0, 861256.0, 1.0;
463432.0, 463432.0, 1.0;
57925.2, 57925.2, 1.0;
40946.7, 40946.7, 1.0;
861256.0, 861256.0, 1.0;
861256.0, 861256.0, 1.0;
861256.0, 861256.0, 1.0;
861256.0, 861256.0, 1.0;
430728.0, 430728.0, 1.0;
861256.0, 861256.0, 1.0;
463432.0, 463432.0, 1.0;
861256.0, 861256.0, 1.0;
177120.0, 177120.0, 0.0;
860232.0, 860232.0, 1.0;
40930.4, 40930.4, 1.0;
36040.7, 36040.7, 1.0;
133674.0, 133674.0, 0.0;
67683.7, 67683.7, 1.0;
463432.0, 463432.0, 1.0;
861256.0, 861256.0, 1.0;
861256.0, 861256.0, 1.0;
860232.0, 860232.0, 1.0;
861256.0, 861256.0, 1.0;
294103.0, 294103.0, 0.0;
463432.0, 463432.0, 1.0;
38803.3, 38803.3, 1.0;
463432.0, 463432.0, 1.0;
41693.2, 41693.2, 1.0;
859212.0, 859212.0, 1.0;
39238.7, 39238.7, 1.0;
400204.0, 400204.0, 1.0;
74138.2, 74138.2, 1.0;
57325.3, 57325.3, 1.0;
861256.0, 861256.0, 1.0;
861256.0, 861256.0, 1.0;
861256.0, 861256.0, 1.0;
861256.0, 861256.0, 1.0;
858192.0, 858192.0, 1.0;
3.2571e+08, 3.2571e+08, 0.0;
74712.8, 74712.8, 1.0;
861256.0, 861256.0, 1.0;
71023.7, 71023.7, 1.0;
861256.0, 861256.0, 1.0;
146712.0, 146712.0, 0.0;
860232.0, 860232.0, 1.0;
861256.0, 861256.0, 1.0;
861256.0, 861256.0, 1.0;
860232.0, 860232.0, 1.0;
861256.0, 861256.0, 1.0;
861256.0, 861256.0, 1.0;
72887.2, 72887.2, 1.0;
861256.0, 861256.0, 1.0;
55763.2, 55763.2, 1.0;
860232.0, 860232.0, 1.0;
463432.0, 463432.0, 1.0;
3.83888e+06, 3.83888e+06, 1.0;
861256.0, 861256.0, 1.0;
59792.7, 59792.7, 1.0;
860232.0, 860232.0, 1.0;
1.0408e+08, 1.0408e+08, 0.0;
463432.0, 463432.0, 1.0;
861256.0, 861256.0, 1.0;
426912.0, 426912.0, 1.0;
463432.0, 463432.0, 1.0;
861256.0, 861256.0, 1.0;
39018.8, 39018.8, 1.0;
6.23421e+06, 6.23421e+06, 0.0;
860232.0, 860232.0, 1.0;
861256.0, 861256.0, 1.0;
4.31938e+07, 4.31938e+07, 0.0;
861256.0, 861256.0, 1.0;
38750.6, 38750.6, 1.0;
53603.3, 53603.3, 1.0;
861256.0, 861256.0, 1.0;
1.522e+09, 1.522e+09, 1.0;
860232.0, 860232.0, 1.0;
760947.0, 760947.0, 0.0;
861256.0, 861256.0, 1.0;
861256.0, 861256.0, 1.0;
2.48186e+08, 2.48186e+08, 0.0;
861256.0, 861256.0, 1.0;
39137.2, 39137.2, 1.0;
861256.0, 861256.0, 1.0;
Score:, 0.68, (ouliers ratio: 0.89);
